1.3925
1.3286
1.2644
1.2047
1.1452
1.0939
1.0429
0.9971
0.9532
0.9166
0.8792
0.8442
0.8122
0.7809
0.7540
0.7274
0.7034
0.6792
0.6568
0.6367
0.6169
0.5968
0.5785
0.5625
0.5470
0.5312
0.5181
0.5028
0.4908
0.4763
0.4657
0.4535
0.4450
0.4318
0.4232
0.4117
0.4043
0.3957
0.3875
0.3775
0.3675
0.3625
0.3540
0.3468
0.3403
0.3321
0.3264
0.3212
0.3131
0.3076
0.3040
0.2969
0.2917
0.2860
0.2801
0.2754
0.2709
0.2683
0.2614
0.2578
0.2540
0.2487
0.2465
0.2408
0.2380
0.2331
0.2302
0.2266
0.2218
0.2179
0.2148
0.2119
0.2081
0.2058
0.2031
0.1999
0.1972
0.1944
0.1901
0.1880
0.1860
0.1830
0.1807
0.1780
0.1738
0.1739
0.1702
0.1671
0.1652
0.1636
0.1608
0.1585
0.1573
0.1544
0.1525
0.1513
0.1511
0.1465
0.1438
0.1442
0.1416
0.1397
0.1375
0.1355
0.1337
0.1329
0.1305
0.1298
0.1289
0.1253
0.1240
0.1242
0.1228
0.1214
0.1191
0.1185
0.1157
0.1168
0.1136
0.1116
0.1124
0.1093
0.1079
0.1067
0.1065
0.1045
0.1041
0.1017
0.1007
0.1010
0.0995
0.0986
0.0989
0.0964
0.0945
0.0934
0.0926
0.0924
0.0911
0.0913
0.0889
0.0892
0.0870
0.0872
0.0860
0.0847
0.0844
0.0828
0.0827
0.0833
0.0803
0.0792
0.0788
0.0786
0.0771
0.0778
0.0753
0.0748
0.0741
0.0761
0.0735
0.0719
0.0724
0.0721
0.0707
0.0688
0.0690
0.0688
0.0687
0.0675
0.0670
0.0680
0.0650
0.0646
0.0638
0.0633
0.0624
0.0629
0.0616
0.0622
0.0607
0.0611
0.0595
0.0621
0.0597
0.0576
0.0569
0.0565
0.0561
0.0556
0.0551
0.0550
0.0539
0.0542
0.0536
0.0533
0.0529
0.0534
0.0521
0.0515
0.0522
0.0505
0.0499
0.0493
0.0497
0.0491
0.0486
0.0489
0.0488
0.0469
0.0475
0.0466
0.0467
0.0456
0.0451
0.0447
0.0448
0.0437
0.0440
0.0438
0.0434
0.0437
0.0426
0.0424
0.0416
0.0414
0.0428
0.0407
0.0403
0.0402
0.0406
0.0394
0.0398
0.0388
0.0395
0.0381
0.0377
0.0379
0.0372
0.0369
0.0370
0.0367
0.0379
0.0360
0.0359
0.0358
0.0354
0.0351
0.0347
0.0350
0.0347
0.0340
0.0339
0.0340
0.0336
0.0339
0.0324
0.0337
0.0325
0.0325
0.0322
0.0318
0.0313
0.0311
0.0309
0.0311
0.0304
0.0305
0.0300
0.0311
0.0298
0.0295
0.0301
0.0308
0.0287
0.0288
0.0285
0.0283
0.0280
0.0280
0.0291
0.0276
0.0275
0.0274
0.0270
0.0269
0.0268
0.0264
0.0262
0.0268
0.0262
0.0257
0.0255
0.0255
0.0254
0.0250
0.0246
0.0258
0.0255
0.0244
0.0245
0.0240
0.0237
0.0242
0.0236
0.0235
0.0235
0.0232
0.0231
0.0230
0.0230
0.0229
0.0224
0.0224
0.0221
0.0223
0.0218
0.0221
0.0219
0.0216
0.0214
0.0210
0.0209
0.0209
0.0207
0.0211
0.0206
0.0205
0.0201
0.0203
0.0199
0.0198
0.0205
0.0196
0.0200
0.0194
0.0193
0.0190
0.0189
0.0193
0.0189
0.0187
0.0188
0.0184
0.0182
0.0188
0.0185
0.0181
0.0184
0.0178
0.0177
0.0177
0.0174
0.0172
0.0175
0.0174
0.0171
0.0171
0.0168
0.0171
0.0173
0.0165
0.0164
0.0164
0.0163
0.0162
0.0165
0.0161
0.0163
0.0162
0.0157
0.0155
0.0155
0.0154
0.0157
0.0153
0.0153
0.0150
0.0153
0.0151
0.0148
0.0151
0.0147
0.0146
0.0145
0.0148
0.0143
0.0142
0.0140
0.0141
0.0140
0.0145
0.0139
0.0137
0.0140
0.0136
0.0135
0.0138
0.0133
0.0135
0.0137
0.0138
0.0132
0.0133
0.0137
0.0135
0.0131
0.0129
0.0131
0.0127
0.0127
0.0127
0.0126
0.0126
0.0125
0.0124
0.0125
0.0120
0.0121
0.0122
0.0120
0.0126
0.0118
0.0118
0.0116
0.0119
0.0119
0.0114
0.0117
0.0114
0.0114
0.0114
0.0112
0.0112
0.0111
0.0112
0.0111
0.0109
0.0110
0.0112
0.0110
0.0107
0.0107
0.0113
0.0107
0.0106
0.0108
0.0104
0.0104
0.0121
0.0103
0.0105
0.0104
0.0101
0.0102
0.0101
0.0099
0.0100
0.0098
0.0101
0.0100
0.0096
0.0097
0.0099
0.0096
0.0095
0.0097
0.0094
0.0098
0.0095
0.0094
0.0096
0.0094
0.0093
0.0091
0.0095
0.0091
0.0092
0.0091
0.0090
0.0092
0.0091
0.0091
0.0091
0.0090
0.0089
0.0087
0.0090
0.0089
0.0086
0.0090
0.0086
0.0086
0.0086
0.0085
0.0084
0.0083
0.0083
0.0082
0.0082
0.0084
0.0083
0.0081
0.0084
0.0080
0.0082
0.0079
0.0081
0.0079
0.0080
0.0081
0.0086
0.0078
0.0076
0.0082
0.0078
0.0076
0.0075
0.0075
0.0074
0.0074
0.0074
0.0074
0.0073
0.0074
0.0074
0.0074
0.0079
0.0071
0.0071
0.0071
0.0070
0.0071
0.0076
0.0070
0.0070
0.0071
0.0079
0.0073
0.0070
0.0068
0.0069
0.0068
0.0072
0.0069
0.0069
0.0068
0.0068
0.0066
0.0070
0.0066
0.0071
0.0066
0.0069
0.0065
0.0066
0.0064
0.0070
0.0064
0.0069
0.0064
0.0065
0.0063
0.0064
0.0063
0.0062
0.0062
0.0064
0.0064
0.0066
0.0060
0.0062
0.0063
0.0060
0.0060
0.0060
0.0059
0.0060
0.0060
0.0059
0.0059
0.0058
0.0060
0.0057
0.0061
0.0060
0.0057
0.0057
0.0060
0.0057
0.0061
0.0056
0.0056
0.0055
0.0057
0.0056
0.0057
0.0056
0.0055
0.0060
