1.3871
1.3262
1.2632
1.2100
1.1559
1.1017
1.0530
1.0085
0.9661
0.9264
0.8912
0.8581
0.8297
0.7997
0.7746
0.7502
0.7206
0.6941
0.6741
0.6571
0.6358
0.6200
0.5966
0.5920
0.5664
0.5507
0.5374
0.5311
0.5179
0.4946
0.4924
0.4766
0.4655
0.4555
0.4523
0.4370
0.4273
0.4165
0.4068
0.3994
0.3904
0.3860
0.3784
0.3694
0.3636
0.3542
0.3526
0.3415
0.3377
0.3266
0.3210
0.3168
0.3207
0.3081
0.3002
0.3005
0.2928
0.2835
0.2837
0.2828
0.2730
0.2756
0.2707
0.2593
0.2606
0.2557
0.2501
0.2468
0.2427
0.2400
0.2369
0.2328
0.2288
0.2250
0.2282
0.2190
0.2202
0.2151
0.2147
0.2107
0.2047
0.2007
0.2047
0.1984
0.1962
0.1956
0.1902
0.1865
0.1870
0.1796
0.1790
0.1815
0.1769
0.1740
0.1747
0.1737
0.1682
0.1734
0.1650
0.1675
0.1594
0.1591
0.1543
0.1556
0.1546
0.1514
0.1542
0.1506
0.1476
0.1430
0.1428
0.1426
0.1388
0.1401
0.1344
0.1351
0.1357
0.1287
0.1295
0.1270
0.1269
0.1263
0.1222
0.1241
0.1234
0.1231
0.1229
0.1190
0.1257
0.1181
0.1141
0.1115
0.1153
0.1124
0.1127
0.1093
0.1097
0.1073
0.1061
0.1055
0.1064
0.1051
0.1035
0.1089
0.0989
0.1024
0.0987
0.0979
0.0985
0.0972
0.0957
0.0956
0.0931
0.0943
0.0915
0.0916
0.0899
0.0890
0.0871
0.0867
0.0866
0.0853
0.0869
0.0877
0.0847
0.0815
0.0838
0.0816
0.0843
0.0790
0.0801
0.0775
0.0774
0.0775
0.0792
0.0753
0.0754
0.0735
0.0764
0.0747
0.0773
0.0727
0.0729
0.0701
0.0704
0.0723
0.0713
0.0691
0.0683
0.0675
0.0696
0.0688
0.0649
0.0663
0.0647
0.0645
0.0637
0.0634
0.0631
0.0607
0.0613
0.0607
0.0596
0.0599
0.0594
0.0591
0.0605
0.0580
0.0570
0.0579
0.0574
0.0567
0.0566
0.0570
0.0552
0.0571
0.0583
0.0633
0.0537
0.0525
0.0523
0.0539
0.0517
0.0513
0.0514
0.0503
0.0509
0.0488
0.0532
0.0496
0.0486
0.0471
0.0483
0.0474
0.0485
0.0473
0.0468
0.0465
0.0462
0.0456
0.0452
0.0458
0.0442
0.0455
0.0446
0.0458
0.0434
0.0426
0.0420
0.0418
0.0415
0.0430
0.0414
0.0427
0.0432
0.0419
0.0408
0.0396
0.0402
0.0401
0.0401
0.0402
0.0391
0.0385
0.0390
0.0385
0.0388
0.0377
0.0376
0.0377
0.0368
0.0358
0.0367
0.0363
0.0375
0.0385
0.0385
0.0340
0.0356
0.0343
0.0343
0.0351
0.0347
0.0330
0.0340
0.0336
0.0326
0.0327
0.0332
0.0327
0.0386
0.0324
0.0318
0.0320
0.0311
0.0325
0.0301
0.0314
0.0322
0.0311
0.0296
0.0301
0.0297
0.0300
0.0294
0.0304
0.0283
0.0288
0.0294
0.0278
0.0284
0.0281
0.0279
0.0279
0.0283
0.0268
0.0270
0.0268
0.0268
0.0269
0.0263
0.0264
0.0259
0.0253
0.0260
0.0260
0.0252
0.0259
0.0251
0.0249
0.0251
0.0251
0.0268
0.0251
0.0241
0.0235
0.0239
0.0244
0.0232
0.0250
0.0239
0.0229
0.0226
0.0232
0.0237
0.0222
0.0224
0.0231
0.0224
0.0218
0.0221
0.0226
0.0213
0.0214
0.0235
0.0229
0.0227
0.0207
0.0217
0.0205
0.0205
0.0208
0.0204
0.0202
0.0200
0.0206
0.0198
0.0203
0.0195
0.0191
0.0195
0.0190
0.0197
0.0192
0.0188
0.0221
0.0189
0.0193
0.0188
0.0181
0.0214
0.0187
0.0182
0.0184
0.0206
0.0180
0.0175
0.0181
0.0177
0.0172
0.0174
0.0178
0.0171
0.0171
0.0174
0.0172
0.0164
0.0172
0.0163
0.0162
0.0178
0.0166
0.0158
0.0158
0.0168
0.0159
0.0159
0.0155
0.0152
0.0155
0.0163
0.0160
0.0155
0.0151
0.0151
0.0148
0.0152
0.0151
0.0157
0.0147
0.0152
0.0143
0.0145
0.0146
0.0143
0.0140
0.0139
0.0145
0.0160
0.0138
0.0139
0.0138
0.0140
0.0138
0.0133
0.0138
0.0141
0.0134
0.0140
0.0132
0.0137
0.0128
0.0129
0.0130
0.0128
0.0128
0.0127
0.0128
0.0147
0.0133
0.0126
0.0127
0.0125
0.0123
0.0122
0.0133
0.0138
0.0119
0.0129
0.0117
0.0117
0.0118
0.0117
0.0119
0.0120
0.0116
0.0115
0.0130
0.0206
0.0111
0.0112
0.0111
0.0122
0.0112
0.0110
0.0109
0.0116
0.0111
0.0108
0.0108
0.0109
0.0107
0.0104
0.0105
0.0107
0.0103
0.0104
0.0104
0.0107
0.0102
0.0103
0.0101
0.0099
0.0100
0.0101
0.0100
0.0099
0.0100
0.0101
0.0097
0.0103
0.0095
0.0095
0.0104
0.0098
0.0094
0.0093
0.0093
0.0093
0.0100
0.0093
0.0092
0.0100
0.0097
0.0091
0.0093
0.0088
0.0091
0.0090
0.0089
0.0088
0.0088
0.0088
0.0091
0.0087
0.0085
0.0086
0.0087
0.0084
0.0083
0.0085
0.0098
0.0085
0.0105
0.0091
0.0086
0.0094
0.0082
0.0088
0.0082
0.0082
0.0081
0.0078
0.0080
0.0080
0.0079
0.0078
0.0085
0.0077
0.0099
0.0078
0.0077
0.0082
0.0080
0.0076
0.0082
0.0081
0.0075
0.0074
0.0074
0.0074
0.0073
0.0072
0.0075
0.0082
0.0071
0.0077
0.0077
0.0071
0.0071
0.0086
0.0070
0.0073
0.0079
0.0069
0.0074
0.0070
0.0071
0.0068
0.0068
0.0070
0.0066
0.0068
0.0065
0.0068
0.0069
0.0066
0.0066
0.0074
0.0066
0.0065
0.0065
0.0065
0.0065
0.0064
0.0064
0.0062
0.0069
0.0063
0.0063
