0.9692
0.7320
0.5804
0.4821
0.4117
0.3542
0.3215
0.2932
0.2555
0.2357
0.2139
0.1964
0.1818
0.1744
0.1615
0.1541
0.1412
0.1331
0.1314
0.1213
0.1169
0.1105
0.1057
0.1001
0.0975
0.0933
0.0907
0.0853
0.0815
0.0815
0.0761
0.0740
0.0775
0.0714
0.0664
0.0677
0.0636
0.0610
0.0590
0.0565
0.0646
0.0546
0.0542
0.0516
0.0504
0.0477
0.0475
0.0459
0.0461
0.0439
0.0432
0.0422
0.0410
0.0403
0.0389
0.0389
0.0367
0.0365
0.0351
0.0344
0.0335
0.0328
0.0327
0.0333
0.0310
0.0302
0.0336
0.0289
0.0278
0.0279
0.0276
0.0258
0.0265
0.0253
0.0249
0.0241
0.0236
0.0236
0.0230
0.0227
0.0223
0.0217
0.0212
0.0210
0.0206
0.0213
0.0201
0.0187
0.0190
0.0179
0.0188
0.0177
0.0202
0.0175
0.0169
0.0179
0.0159
0.0171
0.0161
0.0152
0.0148
0.0146
0.0148
0.0147
0.0138
0.0136
0.0137
0.0130
0.0134
0.0128
0.0157
0.0124
0.0122
0.0119
0.0131
0.0116
0.0113
0.0114
0.0116
0.0107
0.0107
0.0111
0.0105
0.0101
0.0099
0.0099
0.0097
0.0097
0.0093
0.0093
0.0092
0.0089
0.0087
0.0102
0.0086
0.0085
0.0091
0.0082
0.0080
0.0078
0.0087
0.0077
0.0076
0.0073
0.0075
0.0076
0.0074
0.0069
0.0069
0.0110
0.0067
0.0065
0.0065
0.0066
0.0072
0.0069
0.0061
0.0063
0.0062
0.0064
0.0060
0.0058
0.0060
0.0059
0.0055
0.0055
0.0054
0.0054
0.0052
0.0061
0.0051
0.0050
0.0050
0.0050
0.0048
0.0048
0.0048
0.0049
0.0047
0.0046
0.0044
0.0044
0.0043
0.0043
0.0043
0.0042
0.0060
0.0042
0.0041
0.0041
0.0042
0.0041
0.0039
0.0046
0.0038
0.0039
0.0037
0.0037
0.0038
0.0035
0.0037
0.0036
0.0034
0.0035
0.0034
0.0034
0.0033
0.0034
0.0044
0.0032
0.0033
0.0040
0.0031
0.0031
0.0030
0.0030
0.0030
0.0032
0.0030
0.0031
0.0032
0.0030
0.0028
0.0027
0.0028
0.0027
0.0029
0.0026
0.0033
0.0026
0.0031
0.0025
0.0025
0.0025
0.0025
0.0025
0.0026
0.0024
0.0024
0.0024
0.0023
0.0023
0.0023
0.0023
0.0026
0.0022
0.0023
0.0022
0.0021
0.0022
0.0021
0.0021
0.0023
0.0021
0.0023
0.0021
0.0020
0.0020
0.0020
0.0019
0.0019
0.0019
0.0020
0.0019
0.0019
0.0018
0.0018
0.0018
0.0021
0.0018
0.0019
0.0018
0.0017
0.0017
0.0019
0.0017
0.0017
0.0017
0.0027
0.0016
0.0016
0.0016
0.0016
0.0016
0.0016
0.0016
0.0015
0.0015
0.0015
0.0015
0.0015
0.0017
0.0015
0.0015
0.0014
0.0014
0.0014
0.0014
0.0014
0.0014
0.0014
0.0014
0.0014
0.0014
0.0013
0.0014
0.0014
0.0013
0.0013
0.0013
0.0013
0.0013
0.0013
0.0013
0.0012
0.0013
0.0012
0.0012
0.0012
0.0012
0.0012
0.0012
0.0012
0.0012
0.0017
0.0011
0.0011
0.0011
0.0011
0.0011
0.0011
0.0011
0.0011
0.0011
0.0011
0.0011
0.0011
0.0011
0.0012
0.0010
0.0013
0.0013
0.0010
0.0010
0.0010
0.0019
0.0010
0.0010
0.0010
0.0010
0.0010
0.0010
0.0010
0.0010
0.0010
0.0010
0.0009
0.0009
0.0009
0.0009
0.0009
0.0009
0.0009
0.0009
0.0009
0.0009
0.0009
0.0009
0.0009
0.0009
0.0009
0.0009
0.0009
0.0008
0.0008
0.0009
0.0008
0.0009
0.0014
0.0008
0.0008
0.0008
0.0008
0.0008
0.0008
0.0015
0.0008
0.0008
0.0008
0.0009
0.0008
0.0008
0.0008
0.0007
0.0007
0.0007
0.0007
0.0007
0.0011
0.0007
0.0007
0.0007
0.0007
0.0007
0.0012
0.0007
0.0007
0.0007
0.0007
0.0007
0.0007
0.0007
0.0007
0.0007
0.0007
0.0007
0.0007
0.0007
0.0009
0.0007
0.0006
0.0006
0.0006
0.0006
0.0010
0.0006
0.0006
0.0006
0.0008
0.0006
0.0006
0.0012
0.0006
0.0006
0.0006
0.0006
0.0006
0.0006
0.0006
0.0006
0.0006
0.0006
0.0006
0.0006
0.0006
0.0006
0.0007
0.0008
0.0006
0.0006
0.0006
0.0005
0.0005
0.0005
0.0005
0.0005
0.0005
0.0005
0.0005
0.0005
0.0005
0.0006
0.0005
0.0005
0.0005
0.0005
0.0005
0.0005
0.0007
0.0005
0.0008
0.0005
0.0007
0.0005
0.0005
0.0005
0.0005
0.0005
0.0005
0.0005
0.0005
0.0005
0.0005
0.0005
0.0007
0.0005
0.0005
0.0005
0.0005
0.0005
0.0005
0.0004
0.0004
0.0004
0.0004
0.0004
0.0012
0.0004
0.0004
0.0004
0.0010
0.0004
0.0004
0.0004
0.0004
0.0004
0.0004
0.0004
0.0004
0.0004
0.0004
0.0004
0.0004
0.0004
0.0004
0.0004
0.0004
0.0004
0.0004
0.0004
0.0004
0.0004
0.0004
0.0004
0.0004
0.0004
0.0004
0.0004
0.0004
0.0005
0.0004
0.0004
0.0004
0.0004
0.0004
0.0004
0.0004
0.0004
0.0004
0.0007
0.0009
0.0004
0.0006
0.0008
0.0004
0.0004
0.0004
0.0003
0.0004
0.0003
0.0003
0.0005
0.0003
0.0005
0.0003
0.0003
0.0004
0.0003
0.0004
0.0007
0.0003
0.0003
0.0003
0.0003
0.0003
0.0003
0.0003
0.0003
0.0003
0.0003
0.0008
0.0003
0.0003
0.0003
0.0005
0.0003
0.0003
0.0003
0.0003
0.0003
0.0004
0.0004
0.0003
0.0003
0.0003
0.0003
0.0003
0.0003
0.0003
0.0003
0.0003
0.0003
0.0004
0.0003
0.0004
0.0003
0.0003
0.0003
0.0006
0.0003
