0.9317
0.7024
0.5546
0.4540
0.3845
0.3326
0.2910
0.2605
0.2318
0.2117
0.1923
0.1747
0.1636
0.1504
0.1405
0.1323
0.1243
0.1163
0.1102
0.1044
0.0997
0.0935
0.0901
0.0864
0.0822
0.0784
0.0750
0.0725
0.0692
0.0666
0.0651
0.0616
0.0599
0.0591
0.0558
0.0548
0.0524
0.0509
0.0491
0.0476
0.0464
0.0449
0.0439
0.0424
0.0410
0.0402
0.0392
0.0379
0.0367
0.0363
0.0355
0.0342
0.0337
0.0330
0.0320
0.0314
0.0308
0.0300
0.0293
0.0285
0.0284
0.0277
0.0278
0.0260
0.0255
0.0248
0.0243
0.0241
0.0233
0.0230
0.0224
0.0221
0.0213
0.0215
0.0205
0.0205
0.0196
0.0202
0.0196
0.0185
0.0181
0.0177
0.0178
0.0171
0.0169
0.0165
0.0166
0.0160
0.0158
0.0153
0.0151
0.0153
0.0146
0.0145
0.0143
0.0140
0.0140
0.0138
0.0135
0.0130
0.0127
0.0123
0.0121
0.0122
0.0119
0.0118
0.0115
0.0115
0.0112
0.0114
0.0108
0.0106
0.0103
0.0102
0.0100
0.0098
0.0101
0.0096
0.0096
0.0092
0.0094
0.0093
0.0089
0.0087
0.0086
0.0084
0.0084
0.0082
0.0083
0.0080
0.0079
0.0079
0.0078
0.0074
0.0073
0.0073
0.0071
0.0071
0.0069
0.0070
0.0068
0.0066
0.0067
0.0068
0.0064
0.0063
0.0062
0.0063
0.0061
0.0061
0.0060
0.0065
0.0059
0.0057
0.0056
0.0056
0.0054
0.0053
0.0056
0.0054
0.0052
0.0053
0.0051
0.0050
0.0051
0.0048
0.0049
0.0048
0.0047
0.0047
0.0046
0.0046
0.0046
0.0045
0.0046
0.0043
0.0044
0.0044
0.0042
0.0042
0.0042
0.0041
0.0040
0.0040
0.0039
0.0039
0.0039
0.0038
0.0038
0.0037
0.0037
0.0038
0.0037
0.0037
0.0036
0.0035
0.0035
0.0034
0.0033
0.0033
0.0033
0.0033
0.0034
0.0033
0.0031
0.0032
0.0030
0.0031
0.0030
0.0031
0.0030
0.0029
0.0029
0.0029
0.0028
0.0031
0.0028
0.0028
0.0028
0.0028
0.0027
0.0027
0.0026
0.0026
0.0026
0.0026
0.0025
0.0025
0.0025
0.0025
0.0024
0.0024
0.0024
0.0024
0.0024
0.0023
0.0025
0.0024
0.0023
0.0023
0.0022
0.0022
0.0023
0.0021
0.0021
0.0021
0.0021
0.0021
0.0021
0.0021
0.0020
0.0022
0.0020
0.0022
0.0020
0.0019
0.0020
0.0019
0.0019
0.0020
0.0018
0.0019
0.0018
0.0019
0.0020
0.0019
0.0017
0.0018
0.0017
0.0018
0.0017
0.0018
0.0019
0.0017
0.0017
0.0016
0.0016
0.0017
0.0016
0.0016
0.0016
0.0016
0.0016
0.0015
0.0015
0.0016
0.0017
0.0015
0.0015
0.0015
0.0016
0.0016
0.0014
0.0015
0.0014
0.0014
0.0014
0.0014
0.0014
0.0014
0.0014
0.0013
0.0013
0.0013
0.0014
0.0013
0.0013
0.0013
0.0013
0.0013
0.0013
0.0012
0.0012
0.0012
0.0012
0.0012
0.0012
0.0013
0.0012
0.0012
0.0012
0.0012
0.0012
0.0013
0.0011
0.0011
0.0012
0.0013
0.0011
0.0013
0.0011
0.0012
0.0011
0.0011
0.0011
0.0011
0.0011
0.0011
0.0010
0.0010
0.0011
0.0011
0.0010
0.0010
0.0010
0.0010
0.0010
0.0010
0.0010
0.0010
0.0010
0.0011
0.0009
0.0009
0.0010
0.0009
0.0009
0.0009
0.0010
0.0010
0.0009
0.0009
0.0009
0.0011
0.0009
0.0009
0.0009
0.0009
0.0009
0.0009
0.0009
0.0009
0.0008
0.0008
0.0008
0.0009
0.0008
0.0008
0.0008
0.0008
0.0008
0.0008
0.0008
0.0008
0.0009
0.0008
0.0008
0.0009
0.0009
0.0008
0.0008
0.0008
0.0007
0.0008
0.0007
0.0008
0.0007
0.0008
0.0007
0.0007
0.0008
0.0008
0.0007
0.0007
0.0007
0.0007
0.0007
0.0007
0.0007
0.0007
0.0007
0.0007
0.0007
0.0007
0.0007
0.0008
0.0007
0.0007
0.0008
0.0007
0.0006
0.0007
0.0006
0.0006
0.0006
0.0006
0.0006
0.0006
0.0006
0.0007
0.0007
0.0006
0.0006
0.0006
0.0006
0.0006
0.0007
0.0007
0.0006
0.0006
0.0006
0.0006
0.0006
0.0006
0.0006
0.0006
0.0006
0.0006
0.0006
0.0006
0.0006
0.0006
0.0006
0.0005
0.0005
0.0006
0.0006
0.0005
0.0005
0.0006
0.0005
0.0006
0.0005
0.0005
0.0005
0.0005
0.0005
0.0006
0.0005
0.0005
0.0005
0.0005
0.0005
0.0005
0.0005
0.0005
0.0006
0.0006
0.0005
0.0005
0.0005
0.0005
0.0005
0.0005
0.0005
0.0005
0.0005
0.0005
0.0005
0.0005
0.0005
0.0005
0.0005
0.0005
0.0005
0.0004
0.0005
0.0005
0.0004
0.0004
0.0005
0.0005
0.0004
0.0005
0.0004
0.0005
0.0005
0.0004
0.0004
0.0004
0.0004
0.0004
0.0005
0.0004
0.0004
0.0004
0.0004
0.0004
0.0004
0.0004
0.0004
0.0004
0.0004
0.0004
0.0004
0.0004
0.0004
0.0004
0.0004
0.0004
0.0004
0.0004
0.0004
0.0004
0.0004
0.0004
0.0004
0.0004
0.0004
0.0004
0.0004
0.0004
0.0004
0.0004
0.0004
0.0004
0.0004
0.0004
0.0004
0.0004
0.0004
0.0003
0.0003
0.0003
0.0004
0.0004
0.0004
0.0003
0.0004
0.0004
0.0003
0.0003
0.0003
0.0004
0.0003
0.0003
0.0003
0.0004
0.0003
0.0003
0.0003
0.0004
0.0003
0.0003
0.0003
0.0003
0.0003
0.0003
0.0003
0.0003
0.0003
0.0004
0.0003
0.0003
0.0003
0.0004
0.0003
0.0003
0.0003
0.0004
0.0003
0.0004
0.0003
0.0003
0.0004
0.0003
0.0003
0.0003
0.0003
0.0003
